m=20
n=235
p=7
c=[29	144	58	116	147	103	111	63	116	36	62	93	53	87	93	23	51	49	128	143	132	102	111	87	83	85	96	16	93	16	63	16	123	43	44	89	97	24	34	128	40	36	111	40	113	69	66	55	108	111	117	19	29	109	45	143	27	39	123	89	87	148	37	96	16	46	47	74	28	52	20	130	43	16	129	49	146	36	62	56	57	26	95	75	143	57	95	123	63	40	93	38	74	61	21	27	49	85	27	71	60	99	69	54	81	78	15	79	24	105	131	129	32	70	127	58	33	136	55	145	42	44	145	75	34	90	148	50	118	93	119	53	36	53	127	116	145	71	51	94	111	19	85	79	98	147	81	42	48	39	44	118	67	33	137	101	49	73	97	77	83	54	63	17	19	33	77	128	136	28	95	114	146	119	119	81	42	55	82	38	62	25	57	33	145	98	44	18	141	110	149	137	108	118	24	88	15	113	33	111	69	30	145	44	105	120	106	26	113	132	73	21	105	135	55	134	46	16	101	79	116	90	88	77	76	129	150	140	24	69	16	71	123	38	52
43	23	125	46	18	15	126	43	53	149	23	68	56	46	48	114	139	67	20	130	96	142	40	42	50	130	38	23	85	45	69	137	55	113	23	69	103	103	105	77	138	55	125	104	49	143	15	36	112	64	139	140	110	59	58	64	105	150	49	96	56	101	64	64	15	74	105	117	27	98	21	27	64	109	56	125	31	57	66	18	26	17	107	28	22	114	29	83	28	137	117	132	66	97	25	29	121	115	41	30	57	97	42	44	118	70	28	26	22	84	19	15	138	36	123	94	29	40	72	32	111	30	43	143	51	143	94	141	92	36	52	105	77	27	98	35	28	28	77	50	29	131	64	127	96	33	150	84	19	26	64	28	51	104	23	20	25	141	15	86	46	36	130	29	23	115	120	88	119	71	64	52	105	66	102	78	129	86	64	76	26	134	146	85	37	148	113	80	146	100	130	34	118	122	24	107	37	146	16	24	144	77	44	95	120	122	140	45	45	25	85	31	87	91	68	53	130	77	35	108	73	148	130	125	32	123	41	61	133	55	73	24	55	134	112
63	87	100	69	133	102	42	24	141	41	78	99	94	91	37	24	127	75	116	149	53	98	136	49	97	124	55	121	119	96	144	104	96	33	70	22	76	63	37	104	32	119	111	67	116	115	21	29	24	57	120	72	121	49	42	105	102	48	144	21	118	25	112	27	134	36	120	105	51	127	82	129	19	39	69	70	143	21	141	91	127	15	84	26	100	111	101	80	45	137	127	80	62	88	40	112	92	95	87	108	29	38	39	18	106	77	85	17	136	65	18	118	78	110	104	21	22	74	145	140	97	67	61	32	93	54	15	61	113	109	65	28	76	73	106	69	104	62	140	49	45	85	77	59	106	68	118	80	41	37	129	140	139	91	135	109	63	23	34	120	62	130	98	37	34	76	139	122	52	109	139	119	118	26	51	91	75	120	24	136	45	84	87	74	64	40	65	16	88	70	32	70	49	80	80	40	69	60	94	140	100	19	150	133	117	147	38	82	55	129	52	34	102	101	101	147	98	92	122	145	63	134	93	46	73	109	142	18	41	21	132	143	40	71	54
67	121	97	90	137	94	49	106	100	80	69	19	64	103	32	132	52	36	44	125	29	139	28	38	123	88	115	140	111	99	95	71	17	88	24	100	146	79	116	109	130	123	70	65	146	128	42	42	124	70	67	115	131	117	125	73	16	139	76	44	25	116	61	75	102	84	25	120	83	46	92	127	148	81	51	111	150	138	148	23	79	68	110	123	41	37	74	107	79	112	65	78	79	28	22	53	81	69	36	119	123	103	42	84	112	27	92	29	82	129	111	124	37	97	25	103	100	87	86	116	80	84	72	46	146	63	56	35	81	56	15	39	43	123	129	36	99	125	31	104	125	117	108	65	31	131	73	144	66	42	133	88	126	136	82	15	49	74	63	122	101	110	44	20	55	119	28	102	57	61	98	106	27	89	16	138	101	123	150	31	78	79	17	36	117	131	118	88	133	73	50	100	44	67	143	61	118	94	67	47	55	56	16	21	89	30	25	67	141	113	130	102	16	129	132	60	111	76	22	40	28	138	140	64	106	128	122	139	69	71	116	132	119	101	88
90	38	34	103	83	90	126	148	82	118	98	120	65	93	94	36	37	113	116	101	142	87	109	104	149	115	143	100	148	146	78	34	96	96	88	148	129	135	145	142	70	63	51	28	123	100	96	127	50	120	70	51	142	78	116	125	59	17	42	146	40	89	127	16	112	109	78	105	22	51	146	127	114	147	144	135	106	53	17	94	50	100	54	45	80	20	46	142	27	92	144	64	72	52	60	90	122	90	47	130	84	136	139	149	127	43	39	24	47	33	143	84	45	16	148	127	50	16	150	57	87	93	45	112	24	101	72	102	56	83	133	47	139	126	92	148	61	121	118	41	107	48	27	114	109	96	85	16	78	83	79	123	68	109	18	139	119	120	82	80	71	68	107	28	113	33	122	136	17	130	120	107	55	52	131	43	114	58	149	21	115	132	79	103	139	132	85	79	57	15	16	115	114	87	26	53	140	140	101	83	51	70	125	19	32	150	130	83	55	107	20	47	138	110	102	112	75	142	35	72	63	137	18	39	101	98	18	143	73	143	73	104	148	131	147
103	68	120	77	145	134	61	81	50	118	145	73	113	60	150	114	121	56	33	38	148	142	136	62	23	38	129	148	120	51	28	41	104	112	47	138	21	22	61	95	136	112	84	81	72	37	119	98	145	68	45	30	49	67	146	100	18	17	124	85	108	96	72	125	112	132	128	120	122	123	70	58	19	82	110	55	40	53	150	87	100	144	17	28	32	129	28	87	96	139	39	147	99	67	16	130	115	107	26	147	59	125	34	31	118	121	76	141	70	110	39	63	26	119	89	71	150	72	68	87	21	86	28	41	55	95	99	145	124	149	33	118	133	38	103	72	22	119	53	83	33	99	28	97	35	130	145	100	65	121	71	88	40	113	112	111	84	114	20	78	87	92	121	111	31	52	69	150	126	127	56	140	96	30	98	108	50	105	22	93	29	91	146	59	20	52	142	85	76	120	137	71	36	150	137	27	120	131	104	133	44	85	94	52	98	72	57	117	120	37	87	45	83	16	113	109	89	72	150	109	102	129	72	86	138	26	68	137	65	114	28	49	46	91	139
52	79	91	146	84	92	110	59	27	42	115	79	26	116	101	144	34	143	108	89	42	147	84	132	58	134	21	86	40	29	44	90	105	33	77	148	68	21	111	91	136	79	54	71	46	103	123	73	145	84	127	53	21	19	105	53	25	149	36	145	78	130	40	81	76	107	50	80	104	28	83	86	111	103	68	46	69	85	82	137	112	60	65	78	125	99	66	35	22	84	41	80	42	99	117	78	124	57	127	122	67	32	50	32	106	86	21	87	85	46	127	19	44	76	80	79	42	107	42	113	128	76	34	143	49	19	129	50	19	144	104	101	111	35	112	70	18	26	35	40	33	87	68	109	15	97	37	90	82	120	42	70	28	121	99	91	51	55	120	39	102	16	130	94	125	80	134	29	128	78	25	77	15	81	140	80	146	86	35	16	143	124	144	68	109	69	145	149	78	92	128	99	31	31	140	104	63	94	91	60	124	132	142	118	73	131	125	18	27	87	82	146	18	96	31	128	150	50	38	102	136	26	136	81	99	83	118	70	94	111	123	40	102	85	128
74	61	64	83	95	117	56	114	148	70	24	78	144	113	108	43	104	38	103	89	80	36	16	77	35	16	135	20	20	36	87	48	73	145	82	15	91	69	103	135	118	41	141	71	68	18	77	132	88	65	21	118	31	44	137	98	50	148	96	145	22	44	130	63	91	33	115	87	35	72	99	24	142	79	97	86	15	61	142	55	19	78	125	120	114	68	110	71	94	104	134	91	53	34	92	50	39	76	113	28	106	81	104	130	18	43	103	145	72	39	91	59	77	62	136	128	96	104	115	64	66	104	56	105	68	21	74	77	149	19	78	16	115	23	75	87	107	100	85	133	84	115	87	125	26	34	92	95	63	44	87	48	111	74	73	45	93	19	109	149	26	150	37	54	135	142	76	24	15	68	68	52	44	103	76	31	89	143	114	140	121	122	97	147	121	123	96	92	114	116	144	136	50	95	130	131	86	95	76	87	65	143	22	143	107	43	82	148	27	71	150	122	28	107	135	113	20	69	139	128	93	84	95	131	130	87	144	86	148	109	55	124	79	20	38
57	48	27	118	140	130	69	129	84	27	127	87	108	119	88	107	53	38	26	137	100	125	41	69	18	123	15	144	30	83	57	67	58	92	147	98	140	121	41	99	113	19	145	87	131	27	108	103	107	71	78	16	49	50	110	93	47	149	18	25	35	46	67	66	138	129	123	118	56	55	102	35	15	100	89	81	25	81	17	128	38	29	23	85	119	62	49	116	141	119	54	125	77	113	109	41	48	85	107	47	102	82	47	107	34	77	54	126	81	28	147	94	105	115	93	105	116	93	22	124	97	37	63	99	64	123	30	89	128	52	42	46	118	116	125	119	34	116	37	127	77	117	137	59	35	37	78	40	29	36	87	22	56	53	31	82	147	124	24	44	87	95	146	136	140	112	53	132	47	65	27	111	120	97	95	83	33	15	42	56	130	112	28	57	25	44	70	143	83	128	136	89	38	96	45	131	57	136	131	20	19	34	148	22	90	100	150	30	120	86	62	106	77	22	35	133	106	48	101	131	86	35	95	94	39	63	17	49	82	83	66	107	21	104	59
98	104	78	28	57	108	101	58	112	92	54	118	148	142	32	63	119	82	124	122	35	17	100	81	79	112	94	21	90	137	149	123	130	54	53	105	85	126	27	149	128	83	120	70	59	30	110	150	22	120	142	139	15	36	92	110	131	130	64	134	123	138	60	40	121	144	69	107	98	70	25	147	57	89	64	75	141	126	146	15	93	65	37	53	41	53	134	134	131	16	115	88	18	32	135	76	81	33	115	150	111	107	117	18	138	126	15	135	111	143	88	61	73	113	28	77	119	145	78	75	16	54	108	137	62	70	149	57	95	71	109	139	104	129	54	58	136	87	140	23	83	35	22	35	91	129	24	23	80	109	47	126	116	140	51	83	50	63	125	24	99	92	80	130	97	125	65	75	26	146	86	48	41	126	54	114	26	31	142	18	33	78	149	29	128	147	119	69	80	106	106	68	133	64	57	109	54	106	96	95	112	65	80	16	98	60	147	82	83	80	33	78	89	37	133	95	88	71	67	100	29	109	144	149	90	97	97	95	51	77	67	149	68	71	71
66	81	15	58	51	130	62	122	26	140	99	15	120	93	65	101	113	90	139	130	136	123	142	94	82	139	128	117	145	90	140	129	129	145	123	16	42	97	75	58	72	127	113	63	16	81	50	73	106	30	21	37	111	19	69	138	134	61	85	129	71	24	135	99	38	99	93	111	131	35	149	73	79	37	47	104	99	122	115	139	143	62	126	47	135	52	15	60	114	148	22	96	149	36	138	82	70	83	62	44	39	47	84	84	98	102	145	65	28	64	100	143	101	127	150	134	109	47	33	69	124	30	63	129	78	41	54	40	29	17	95	72	118	44	31	133	134	67	27	87	101	73	133	93	122	149	68	136	34	88	82	117	92	93	117	60	31	136	102	20	16	105	38	18	50	128	79	109	94	132	88	20	137	47	122	57	32	140	34	45	95	46	18	99	109	146	135	39	34	119	127	32	38	103	18	49	68	85	113	28	71	75	61	134	51	91	104	141	114	120	85	88	85	40	127	83	30	46	134	76	108	30	31	49	26	115	91	82	101	31	107	136	93	82	63
27	150	47	34	21	125	30	111	87	73	45	63	120	51	15	16	29	145	40	131	103	26	124	113	87	39	100	58	23	47	130	89	125	99	60	30	139	99	146	28	137	140	103	92	105	97	117	81	94	84	46	113	53	79	103	86	74	122	111	58	18	73	134	68	149	37	38	23	95	50	125	65	105	79	49	146	143	34	55	119	67	123	30	37	30	67	77	103	20	47	55	96	111	137	129	86	35	126	21	54	114	16	67	103	25	25	56	120	87	117	90	131	53	72	87	121	114	39	107	89	16	145	119	111	20	19	81	75	63	47	92	49	53	106	110	147	125	53	35	31	80	142	117	49	136	59	68	130	89	57	24	60	65	113	22	116	120	115	20	107	89	104	117	53	80	137	18	24	105	56	118	95	120	19	25	130	59	139	95	71	31	143	105	115	45	68	121	16	130	21	101	112	106	137	43	46	65	65	103	21	79	150	18	121	147	88	34	22	32	43	132	144	22	88	147	104	45	15	55	18	35	20	25	95	118	111	112	146	144	127	84	113	138	81	134
44	120	32	30	72	93	107	78	112	90	64	72	23	117	98	32	87	83	146	39	82	80	90	121	18	56	30	64	98	147	109	75	49	137	91	28	145	133	108	139	53	117	22	26	102	97	20	28	125	129	26	62	29	33	53	101	81	88	107	126	23	36	148	56	79	69	29	87	109	81	61	105	48	112	54	37	44	147	129	142	112	132	75	149	77	88	145	60	112	93	48	92	122	69	150	69	15	40	49	85	114	97	62	34	137	106	72	47	56	136	16	66	83	24	53	52	128	75	51	133	135	97	90	35	36	139	83	80	132	32	54	127	68	115	145	83	99	29	66	122	83	80	89	66	90	104	89	37	62	131	83	41	70	18	119	128	129	35	44	16	52	36	87	23	60	121	146	90	120	134	103	138	21	124	149	72	150	25	46	68	58	53	145	39	32	40	20	60	37	110	35	63	101	72	109	111	53	126	67	143	115	124	17	67	109	111	49	90	110	149	123	134	138	51	30	132	95	95	117	105	117	37	47	146	15	59	17	97	16	46	129	46	128	105	92
74	94	117	82	150	15	64	148	90	90	52	98	139	22	75	89	100	123	83	57	47	67	19	104	144	139	87	98	52	148	120	42	27	118	68	15	57	139	78	92	69	61	30	44	50	99	53	137	33	19	115	114	18	119	88	100	31	67	108	134	146	58	21	31	113	32	40	44	135	131	65	57	44	112	53	80	19	26	121	62	86	89	126	33	123	86	111	35	125	112	25	129	89	144	118	104	87	82	95	65	75	25	35	122	28	95	72	55	112	58	100	73	78	91	52	122	101	69	26	112	50	107	61	63	112	88	122	131	101	94	60	100	140	37	64	29	124	38	39	78	110	135	37	31	122	17	117	94	143	46	85	48	115	108	112	96	32	148	107	97	73	110	97	27	107	43	114	51	32	56	91	57	105	81	113	28	136	75	78	48	86	118	149	139	42	125	27	40	58	87	81	25	103	24	42	39	52	46	96	75	24	133	150	124	112	121	135	101	95	15	55	68	18	111	48	117	144	119	57	57	115	49	146	117	47	118	126	140	120	117	129	46	119	80	128
67	112	97	59	22	92	77	31	58	115	119	37	19	15	41	82	146	25	39	36	30	43	79	45	137	102	16	127	83	116	64	109	74	36	103	83	70	98	77	131	122	36	110	28	45	30	71	30	36	71	105	23	31	28	117	97	63	150	72	57	41	122	109	119	34	146	68	99	33	75	62	144	25	40	32	118	120	35	131	141	27	25	84	67	111	51	40	85	128	117	146	132	26	29	91	139	76	63	33	83	71	142	94	62	19	26	42	102	57	97	104	83	85	71	21	119	48	96	30	48	136	92	80	25	121	40	66	75	55	35	44	134	83	16	148	122	56	27	68	50	145	15	30	101	148	100	51	135	70	124	47	108	42	52	64	18	21	77	28	93	137	48	142	57	22	83	68	72	118	107	80	91	128	65	97	30	27	26	26	55	139	120	100	103	65	89	56	35	105	90	125	76	121	46	138	22	123	69	93	87	105	77	72	80	87	36	71	38	127	98	136	56	75	118	129	17	93	123	82	17	94	139	120	134	90	79	63	103	65	76	127	96	69	74	34
78	85	137	140	124	16	17	101	71	112	93	71	31	131	15	128	37	136	48	150	23	124	95	48	54	35	23	93	82	117	81	28	128	41	127	47	76	66	42	124	138	78	79	97	56	46	89	107	127	105	134	65	88	63	26	132	50	57	130	117	29	72	141	108	65	84	42	31	104	101	94	44	40	29	140	65	101	44	142	81	78	38	93	140	119	43	93	15	18	86	68	68	71	35	28	146	129	136	71	88	71	28	37	77	131	121	89	146	135	97	142	110	19	123	83	45	138	51	118	16	43	149	117	66	125	81	121	53	98	107	93	26	124	110	144	144	64	16	91	41	50	102	125	116	134	84	91	30	27	150	33	45	118	21	78	149	59	133	148	18	55	148	40	51	106	107	123	85	139	112	19	112	119	92	76	73	44	32	136	81	134	79	119	99	76	32	54	51	45	81	80	85	66	57	19	88	111	89	107	119	130	105	58	111	27	78	113	51	134	44	76	53	34	94	48	83	112	125	110	72	124	86	18	101	61	121	101	52	121	150	83	93	78	126	142
66	106	124	128	103	54	131	141	54	55	136	39	61	85	81	124	89	101	124	111	113	112	114	97	102	33	143	64	66	110	149	92	118	37	68	68	119	117	48	105	69	144	33	94	84	30	49	64	37	110	21	42	86	22	144	125	57	49	54	120	102	84	57	103	126	133	41	133	65	27	69	28	125	117	75	42	58	105	61	145	104	58	117	111	36	113	38	96	80	19	43	122	105	41	100	101	91	115	61	148	65	117	96	26	88	100	22	66	100	23	82	136	139	147	127	106	148	135	88	78	60	94	78	147	116	18	28	128	25	127	97	105	129	58	38	61	33	44	135	127	142	132	36	83	78	130	32	110	82	100	47	21	114	138	16	37	114	112	134	98	84	83	28	80	137	54	20	70	102	25	54	26	29	35	69	85	42	104	82	122	92	124	63	109	119	125	55	84	32	111	67	68	129	29	100	64	93	45	35	130	87	52	139	50	135	23	103	94	39	119	42	117	59	139	23	60	124	77	123	91	97	16	87	81	106	73	145	24	29	71	78	83	130	56	145
100	138	138	50	76	18	26	139	51	93	136	140	92	36	80	128	52	52	38	112	52	121	127	84	40	74	137	140	51	139	49	38	149	108	53	109	144	36	34	40	130	19	66	85	70	128	58	35	31	79	146	46	102	52	84	38	52	40	65	107	24	30	29	62	139	22	40	139	147	19	21	96	112	89	101	31	105	74	73	26	69	36	27	128	106	108	131	126	37	147	121	90	55	98	58	67	132	63	86	19	68	140	30	50	97	56	68	85	80	73	70	49	109	15	78	138	38	16	72	150	79	22	76	29	90	72	83	121	18	50	129	29	91	25	135	60	37	69	110	142	37	101	80	135	127	88	46	71	31	89	64	132	149	128	41	131	46	124	35	111	48	141	134	17	109	55	139	51	42	36	31	59	42	26	63	18	131	134	81	139	103	51	130	72	110	134	139	63	56	134	56	93	71	148	47	30	128	68	77	24	88	78	119	91	137	53	25	89	72	30	35	72	142	68	126	108	91	62	142	19	116	53	68	131	115	35	41	150	83	37	80	136	112	143	47
72	96	145	80	97	92	108	98	23	132	32	113	74	63	115	24	124	16	17	97	122	123	87	131	120	47	69	24	23	75	97	108	79	133	126	106	135	69	23	20	48	23	140	83	85	29	150	38	57	61	142	102	135	17	39	131	148	107	53	60	33	54	78	26	134	65	82	102	29	33	60	113	57	134	69	49	74	141	142	48	24	71	21	72	141	89	87	99	93	116	77	89	51	128	130	85	116	17	142	32	110	100	142	130	137	93	137	110	147	141	80	41	86	103	56	105	17	140	122	40	36	102	147	39	148	141	98	108	27	72	96	112	138	134	109	128	138	87	108	145	134	27	45	140	87	54	72	127	66	127	57	113	70	149	39	123	32	132	76	143	39	52	81	57	60	30	30	28	47	51	123	54	27	82	32	119	144	118	48	76	74	32	65	23	109	128	88	135	99	18	116	84	71	25	62	38	31	25	78	59	127	44	107	127	47	80	106	143	150	89	93	101	78	109	70	149	29	126	87	116	22	131	54	123	16	79	20	147	30	106	67	55	109	91	46
131	26	113	21	117	62	135	54	137	64	103	97	53	79	73	89	88	86	137	91	99	20	71	75	34	55	58	71	37	66	94	33	97	100	104	134	97	70	26	117	48	76	26	74	35	118	67	110	80	72	120	17	64	72	27	46	86	135	110	70	62	74	142	20	97	63	58	103	16	27	33	99	97	146	108	117	40	65	77	18	84	113	86	144	71	86	60	52	148	32	78	23	102	149	57	123	51	133	32	35	119	125	15	63	130	96	61	48	149	128	77	104	123	44	82	34	81	145	128	58	149	70	33	78	130	139	24	41	127	144	45	122	133	128	72	80	101	22	135	145	86	90	117	119	33	77	99	110	51	144	143	28	28	36	36	146	72	145	48	112	115	26	46	88	148	48	66	80	92	102	145	57	95	96	144	107	135	136	22	128	61	74	95	125	73	124	22	53	99	68	100	82	26	68	95	23	146	65	82	60	87	32	133	63	94	126	28	95	119	51	143	24	39	97	22	135	109	38	100	120	32	22	54	109	37	139	93	20	28	31	85	134	88	85	69]